
Version: OwnMethod, kroA200
Mean: 31666.2
Min: 31081.0
Max: 32435.0

|TIMES|

Mean: 600.3928445339203
Min: 600.0403032302856
Max: 600.969847202301

==========

Version: OwnMethod, kroB200
Mean: 32178.4
Min: 31946.0
Max: 33078.0

|TIMES|

Mean: 600.2463481903076
Min: 600.0085678100586
Max: 600.8917529582977

==========

